Compound Id	pIGC50
1	-0.16
2	1.64
3	-2.72
4	-0.87
5	-1.32
6	1.88
7	2.4
8	0.97
9	2.23
10	0.85
11	2.47
12	-0.29
13	-2.28
14	0.11
15	-0.46
16	-0.98
17	-0.99
18	1.52
19	0.04
20	1.85
21	-1.5
22	-0.85
23	-1.42
24	-1.25
25	-2.32
26	-1.97
27	-2.24
28	-1.38
29	-1.37
30	-2.47
31	-2.2
32	-1.01
33	1.43
34	0.22
35	-0.29
36	0.63
37	-0.5
38	-0.86
39	-1.06
40	-1
41	-1.53
42	1.65
43	-0.91
44	0.64
45	2.05
46	-0.13
47	0.16
48	-0.71
49	0.57
50	-0.94
51	0.8
52	-0.83
53	-1.97
54	-0.8
55	1.91
56	-0.04
57	1.96
58	-0.33
59	0.89
60	1.63
61	-1.92
62	-2.27
63	-0.63
64	0.57
65	-0.49
66	-0.79
67	0
68	-1.44
69	-1.59
70	-1.92
71	-0.51
72	1.85
73	-2.15
74	0.99
75	-0.39
76	-1.19
77	-0.93
78	-1.49
79	-1.4
80	-1.25
81	-1.98
82	-2.09
83	-1.21
84	-1.63
85	-0.99
86	-1.65
87	-1.8
88	-1.94
89	-2.51
90	-1.11
91	-1.13
92	-0.78
93	-0.87
94	-0.89
95	-0.76
96	-0.82
97	-0.81
98	-0.56
99	-0.7
100	2.12
101	0.75
102	0.73
103	1.41
104	-0.48
105	0.74
106	0.09
107	-0.04
108	-0.59
109	2.24
110	0.51
111	-1.82
112	-1.85
113	-1.41
114	-1.75
115	1.69
116	-1.65
117	1.77
118	1.76
119	-0.43
120	-1.44
121	1.28
122	-1.1
123	-1.65
124	-1.48
125	-1.34
126	1.96
127	1.85
128	1.92
129	0.77
130	1.02
131	-0.67
132	-0.93
133	-0.91
134	0.88
135	0.67
136	-1.11
137	1.5
138	-1.84
139	-0.4
140	-0.54
141	-0.76
142	-1.54
143	-0.64
144	-0.23
145	-0.86
146	0.55
147	-1.72
148	-0.94
149	-0.81
150	1.41
151	-1.68
152	-1.44
153	-0.98
154	2.6
155	1.85
156	0.27
157	-0.58
158	0.12
159	-0.77
160	2.68
161	1.18
162	1.03
163	-0.35
164	-0.68
165	1.06
166	2.92
167	1.7
168	-1.66
169	-0.48
170	-1.47
171	-1.7
172	-1.05
173	-1.84
174	-0.47
175	-1.22
176	-2.18
177	-0.33
178	-0.57
179	-1.54
180	-1.61
181	-1.24
182	0.11
183	-0.11
184	-0.32
185	-0.18
186	-0.91
187	0.3
188	-0.76
189	-1.87
190	-1.95
191	-1.07
192	-1.7
193	-1.53
194	-1.79
195	-0.69
196	-1.42
197	-1.79
198	-1.48
199	-1.59
200	-0.97
201	-2.05
202	-2.3
203	-2.24
204	-0.98
205	-0.69
206	-1.84
207	-0.99
208	-0.7
209	-0.26
210	-0.9
211	-0.64
212	-0.74
213	-0.91
214	-0.81
215	-0.83
216	-0.77
217	-0.96
218	-0.72
219	-0.77
220	-0.98
221	-1.03
222	1.7
223	-0.13
224	0.7
225	-0.61
226	1.37
227	0.34
228	0.6
229	2.03
230	2.54
231	-0.08
232	0.25
233	0.32
234	-0.71
235	0.13
236	0.07
237	0.33
238	1.07
239	0.87
240	0.8
241	2.23
242	-0.76
243	0.62
244	1.98
245	-0.54
246	-0.51
247	-0.43
248	-0.8
249	-0.63
250	-0.86
251	-1.2
252	-0.58
253	0.85
254	1.46
255	-0.79
256	0.08
257	-0.03
258	-0.75
259	0.1
260	-0.29
261	-0.1
262	0
263	0.57
264	0.44
265	0.87
266	-0.05
267	0.4
268	-1.26
269	0.5
270	-0.71
271	-0.03
272	0.17
273	-0.48
274	-1.61
275	-0.73
276	-1.59
277	-1.44
278	-0.34
279	-1.46
280	-0.01
281	0.22
282	0.62
283	0.65
284	-0.97
285	-1.09
286	-1.64
287	-0.62
288	-0.48
289	-0.44
290	-0.47
291	0.64
292	-0.55
293	0.05
294	-0.93
295	1.42
296	1.7
297	0.4
298	-1.17
299	-0.7
300	2.89
301	-0.49
302	-0.95
303	-0.11
304	-0.59
305	1.44
306	-1.23
307	-0.21
308	-0.63
309	-0.14
310	0.66
311	-1.4
312	0.91
313	0.09
314	1.49
315	-1.18
316	-0.57
317	0.54
318	-1.27
319	-1.46
320	-1.63
321	-0.28
322	-1.19
323	-1.61
324	-0.65
325	0.52
326	-0.92
327	-1.28
328	0.22
329	-0.16
330	-0.27
331	-0.49
332	0.48
333	2.21
334	0.69
335	-1.29
336	-0.64
337	0.77
338	0.01
339	-0.35
340	-1.33
341	-0.91
342	-0.88
343	-1.15
344	-1.01
345	-0.34
346	-1.24
347	-0.55
348	-0.04
349	-0.69
350	1.06
351	-0.13
352	1.02
353	0.07
354	2.31
355	-0.29
356	-0.43
357	-0.5
358	1.18
359	1.64
360	1.72
361	-0.64
362	1.11
363	-1.12
364	-1.39
365	-0.36
366	-1.24
367	-1.18
368	-1.26
369	-0.38
370	-1.35
371	-1.4
372	-1.23
373	-1.52
374	-1.4
375	-1.53
376	-0.07
377	-0.25
378	-1.32
379	-0.34
380	-1.04
381	-1.04
382	-1.25
383	-0.27
384	-1.59
385	-1.29
386	-0.89
387	0.25
388	0.48
389	0.21
390	0.17
391	-0.46
392	-0.78
393	-1.48
394	-1.66
395	-1.54
396	-1.5
397	-0.36
398	-0.97
399	-0.2
400	-0.96
401	-0.92
402	-1.04
403	-1.22
404	-1.08
405	-1.04
406	-1.07
407	-1.2
408	-1.29
409	-1.63
410	-1.93
411	-0.85
412	-0.76
413	-0.19
414	-0.48
415	-0.7
416	-0.58
417	-0.71
418	-0.68
419	-0.76
420	-0.55
421	-0.69
422	-0.81
423	-0.77
424	-0.59
425	-0.67
426	-0.92
427	-0.76
428	-0.99
429	-1.06
430	1.54
431	2.43
432	2.78
433	2.66
434	2.38
435	1.64
436	1.79
437	1.65
438	1.87
439	2.6
440	2
441	0.23
442	2.36
443	2.18
444	2.22
445	1.17
446	0.98
447	2.61
448	1.7
449	2.25
450	1.84
451	1.51
452	1.55
453	1.53
454	1.43
455	1.89
456	2.21
457	2.51
458	2.65
459	2.08
460	1.3
461	1.34
462	1.21
463	1.12
464	0.87
465	1.96
466	1.81
467	1.85
468	1.78
469	2.37
470	2.1
471	1.55
472	0.8
473	2.67
474	1.06
475	2.06
476	1.37
477	1.07
478	1.16
479	1.13
480	1.13
481	0.99
482	0.8
483	0.39
484	1.09
485	1.36
486	1.75
487	0.64
488	1.62
489	1.76
490	2.31
491	2.07
492	1.71
493	2.12
494	-0.16
495	-0.1
496	0.68
497	0.56
498	1.26
499	0.56
500	0.53
501	0.11
502	0.35
503	1.52
504	1.27
505	1.3
506	1.01
507	1.51
508	-0.81
509	-0.75
510	-0.82
511	1.4
512	1.28
513	1.04
514	1.13
515	0.74
516	1.74
517	1.57
518	1
519	0.6
520	0.43
521	2.33
522	1.55
523	1.67
524	1.37
525	1.32
526	0.97
527	0.81
528	1.12
529	0.42
530	0.57
531	0.73
532	0.48
533	0.23
534	0.2
535	0.09
536	1.4
537	1.22
538	1.69
539	0.76
540	0.75
541	1.87
542	1.38
543	1.96
544	1.27
545	1.07
546	0.94
547	1.38
548	1.13
549	-0.05
550	1.27
551	0.83
552	1.33
553	1.24
554	1.17
555	1.15
556	1.69
557	0.46
558	1.08
559	0.99
560	0.65
561	0.32
562	1.39
563	1.18
564	-0.09
565	0.08
566	0.1
567	0.36
568	0.9
569	1.21
570	0.56
571	0.58
572	0.33
573	1.26
574	0.71
575	-0.42
576	-0.71
577	0.42
578	1.15
579	0.68
580	0.23
581	0.91
582	0.55
583	0.23
584	0.43
585	0.02
586	1.12
587	0.85
588	-0.11
589	-0.53
590	-0.19
591	1.55
592	1.29
593	1.68
594	1.09
595	1.08
596	0.13
597	0.92
598	0.65
599	0.08
600	0.07
601	-1.36
602	-1.38
603	0.29
604	0.42
605	0.75
606	0.6
607	2.04
608	0.72
609	0.51
610	1.68
611	1.18
612	1.2
613	1.36
614	0.66
615	1.17
616	0.62
617	0.89
618	0.94
619	2.22
620	-0.57
621	0.46
622	0.49
623	1.01
624	-0.45
625	-0.17
626	0.11
627	0.7
628	-0.34
629	-0.03
630	0.59
631	0.35
632	0.61
633	-0.35
634	0.78
635	0.1
636	0.72
637	-0.55
638	-1.02
639	-1.04
640	-0.03
641	0.52
642	-0.65
643	0.37
644	1.06
645	0.38
646	0.03
647	1.5
648	0.85
649	0.44
650	-1.26
651	-0.85
652	0.48
653	-0.01
654	0.93
655	-0.59
656	-0.17
657	0.39
658	2.48
659	1.66
660	-0.59
661	-1.02
662	-0.99
663	-0.89
664	-0.07
665	-0.91
666	-0.85
667	0.94
668	-0.53
669	-0.08
670	-1.35
671	-0.88
672	-1.48
673	-1.49
674	-1.33
675	-0.79
676	0.19
677	0.5
678	0.37
679	0.52
680	-1.05
681	-0.87
682	-0.57
683	0.35
684	-0.58
685	0.16
686	-1.54
687	0.75
688	-0.51
689	-0.48
690	-0.52
691	-0.83
692	-1.32
693	1.29
694	0.13
695	-0.88
696	-1.67
697	-0.15
698	-0.62
699	0.51
700	0.68
701	-0.66
702	2.17
703	0.33
704	-0.43
705	3.1
706	-1.01
707	-0.95
708	1.6
709	-0.01
710	-1.2
711	-0.39
712	-1.32
713	-0.34
714	-0.03
715	0.82
716	-0.64
717	-1.23
718	1.66
719	0.66
720	0.77
721	-0.38
722	-1.03
723	0.56
724	0.93
725	-0.19
726	-1.14
727	-1.27
728	-1.4
729	0.25
730	-0.87
731	-0.13
732	-0.22
733	-1.24
734	-0.38
735	-0.76
736	-0.93
737	-0.46
738	-0.21
739	-1.4
740	-0.01
741	-0.7
742	-0.28
743	-1.06
744	-1.26
745	-0.88
746	0.53
747	1.44
748	-1.08
749	0.65
750	-1.06
751	-0.86
752	-0.61
753	-0.31
754	-0.78
755	-0.38
756	2.38
757	1.27
758	0.34
759	-1.31
760	-0.8
761	0.45
762	0.39
763	0.03
764	0.15
765	0.77
766	-0.03
767	-0.08
768	2.41
769	-0.28
770	0.86
771	1.62
772	1.7
773	0.36
774	0.92
775	1.16
776	1
777	1.15
778	1.05
779	1
780	-0.47
781	-0.78
782	-0.78
783	-0.81
784	-0.1
785	-0.47
786	-1.44
787	-0.37
788	-1.31
789	-0.85
790	-0.81
791	-0.75
792	-0.85
793	-1.43
794	-0.22
795	0.52
796	-0.15
797	-1.27
798	-0.23
799	-0.27
800	-0.68
801	-0.49
802	-1.27
803	-0.49
804	-0.21
805	-1.28
806	-1.17
807	-0.91
808	-0.78
809	-0.9
810	-1.49
811	-1.79
812	-1.53
813	-1.53
814	-1.57
815	0
816	0.94
817	0.78
818	0.01
819	-0.27
820	-1.54
821	-1.16
822	-0.91
823	0.04
824	0.72
825	-0.74
826	-0.64
827	-0.42
828	-0.93
829	-0.85
830	-1.37
831	-1.96
832	-1.27
833	-1.49
834	-1.96
835	-1.37
836	0
837	-1.22
838	0.09
839	0.63
840	-0.28
841	-0.79
842	-0.8
843	-0.72
844	-0.66
845	-0.62
846	-0.59
847	-0.96
848	-1.75
849	0.82
850	2.66
851	1.61
852	-0.2
853	1.16
854	-0.41
855	0.85
856	1.71
857	1.22
858	2.11
859	0.3
860	0.28
861	-0.06
862	0
863	-0.26
864	2.57
865	1.04
866	1.89
867	0.16
868	-0.31
869	1.64
870	0.89
871	0.46
872	-0.41
873	-0.39
874	-0.46
875	-0.67
876	0.31
877	1.55
878	0.27
879	2.35
880	1.08
881	0.45
882	0.57
883	0.56
884	1.19
885	1.65
886	-0.27
887	-0.52
888	-0.02
889	0.84
890	0.44
891	0.48
892	0.51
893	0.59
894	0.49
895	0.41
896	0.4
897	1.64
898	0.08
899	0.15
900	-0.13
901	0.62
902	-0.16
903	-0.32
904	0.04
905	-0.31
906	-0.07
907	0.52
908	-0.36
909	-0.47
910	0.61
911	0.18
912	1.11
913	0.89
914	-0.45
915	-0.13
916	0.11
917	1.01
918	1.26
919	0.3
920	0.55
921	0.29
922	-0.4
923	0.17
924	0.14
925	0.2
926	0.97
927	-0.32
928	0.87
929	-1.64
930	0.27
931	-1.09
932	0.61
933	-0.86
934	0.38
935	0
936	2.33
937	-0.08
938	1.41
939	0.64
940	0.11
941	1.15
942	-0.32
943	0.16
944	0.15
945	-0.5
946	-0.47
947	0.25
948	-0.1
949	1.28
950	0.93
951	0.09
952	0.37
953	0.45
954	2.41
955	0.09
956	0.27
957	-0.3
958	2.31
959	1.16
960	1.18
961	0.68
962	0.82
963	0.59
964	0.33
965	0.25
966	0.57
967	0.62
968	0.49
969	-0.57
970	0.3
971	-0.82
972	-1.17
973	0.75
974	1.64
975	-0.72
976	-0.19
977	0.18
978	0.68
979	0.31
980	0.11
981	-0.68
982	-0.03
983	0.75
984	1.52
985	1.09
986	0.53
987	1.53
988	1.23
989	0.51
990	0.64
991	0.47
992	0.06
993	0.24
994	1.13
995	0.69
996	0.04
997	-0.1
998	0.1
999	0.37
1000	0.4
1001	0.69
1002	-0.1
1003	0.15
1004	0.25
1005	0.25
1006	0.32
1007	0.63
1008	0.53
1009	0.7
1010	0.8
1011	-0.67
1012	-0.39
1013	-0.62
1014	0.33
1015	-0.85
1016	-0.11
1017	-0.91
1018	1.66
1019	0.34
1020	0.76
1021	0.26
1022	0.29
1023	0.54
1024	-0.25
1025	-0.24
1026	-0.63
1027	-0.78
1028	0.38
1029	-0.81
1030	-0.39
1031	-0.16
1032	-0.22
1033	0.11
1034	-0.07
1035	0.7
1036	0.46
1037	0.78
1038	0.66
1039	0.61
1040	1.65
1041	0.57
1042	0.74
1043	0.59
1044	0.38
1045	0.09
1046	-0.13
1047	0.16
1048	0.21
1049	0.35
1050	0.09
1051	0.42
1052	0.42
1053	0.35
1054	0.51
1055	-0.29
1056	-0.05
1057	-0.19
1058	-0.27
1059	-0.88
1060	-0.87
1061	-0.75
1062	-0.52
1063	-0.83
1064	-0.77
1065	-0.95
1066	-0.51
1067	0.03
1068	1.86
1069	-1.03
1070	-0.25
1071	0.34
1072	-0.93
1073	-0.14
1074	0.43
1075	-0.39
1076	-0.37
1077	0.18
1078	0.49
1079	0.37
1080	2.2
1081	0.18
1082	0.61
1083	0.03
1084	-0.65
1085	-0.81
1086	-0.87
1087	-0.36
1088	-0.49
1089	-0.35
1090	-0.38
1091	-0.1
1092	0.06
1093	-0.25
1094	-1.07
1095	-1.13
1096	-0.69
1097	-1
1098	0.29
1099	-0.08
1100	-0.55
1101	0.49
1102	1.26
1103	0.96
1104	-0.07
1105	-0.39
1106	0.25
1107	-0.74
1108	-0.22
1109	-0.66
1110	-0.55
1111	-0.63
1112	0.86
1113	0.83
1114	0.76
1115	-0.48
1116	-0.68
1117	-0.51
1118	0.91
1119	2.14
1120	-0.38
1121	-0.61
1122	-1.64
1123	2.21
1124	0.63
1125	1.62
1126	0.51
1127	0.29
1128	-0.81
1129	1.07
1130	-0.9
1131	0.62
1132	-0.91
1133	0.77
1134	1.05
1135	-0.19
1136	0.7
1137	-0.32
1138	-0.62
1139	-0.03
1140	0.51
1141	0.29
1142	0.52
1143	-0.5
1144	-0.48
1145	0.04
1146	-0.38
1147	-0.38
1148	-0.64
1149	-0.78
1150	-0.88
1151	-0.66
1152	-0.19
1153	-1.4
1154	-1.01
1155	-1.17
1156	-0.66
1157	-0.58
1158	-0.24
1159	0.46
1160	0.29
1161	0.02
1162	0.7
1163	0.22
1164	-0.13
1165	1.75
1166	0.05
1167	-0.7
1168	-0.63
1169	-0.76
1170	-0.05
1171	-0.67
1172	0.17
1173	-0.89
1174	-0.72
1175	-0.36
1176	-0.11
1177	-0.38
1178	-0.56
1179	0.16
1180	-0.41
1181	-0.41
1182	1.49
1183	1.36
1184	0.1
1185	-0.71
1186	0.06
1187	-0.47
1188	-0.49
1189	1.02
1190	0.86
1191	0.16
1192	2.55
1193	1.48
1194	-0.34
1195	0.94
1196	-0.44
1197	3.34
1198	1.34
1199	-0.01
1200	-0.02
1201	0.04
1202	0.31
1203	0.1
1204	-0.14
1205	0.6
1206	0.66
1207	0.46
1208	-0.34
1209	-0.29
1210	-0.29
1211	-0.1
1212	0.62
1213	0.99
1214	-0.32
1215	-0.38
1216	0.18
1217	-0.09
1218	0.81
1219	0.13
1220	1.08
1221	1.81
1222	0.82
1223	0.3
1224	1.04
1225	1
1226	0.21
1227	-0.24
1228	-0.36
1229	-0.25
1230	-0.1
1231	0.4
1232	2.82
1233	-0.38
1234	0.03
1235	0.1
1236	0.63
1237	2.08
1238	0.42
1239	0.04
1240	-0.03
1241	0.62
1242	1.47
1243	0.2
1244	0.32
1245	0.55
1246	0.87
1247	1.05
1248	2.74
1249	-0.02
1250	-0.06
1251	-0.76
1252	-0.47
1253	0
1254	0.87
1255	0.08
1256	-0.06
1257	-0.7
1258	0.08
1259	-0.38
1260	-0.2
1261	2.16
1262	2.24
1263	0.15
1264	0.23
1265	0.12
1266	-0.05
1267	-0.22
1268	-0.23
1269	-0.23
1270	0.25
1271	0.36
1272	-1.5
1273	0.38
1274	-0.14
1275	-0.03
1276	-0.05
1277	0.08
1278	1.52
1279	1.99
1280	0.61
1281	0.51
1282	-0.14
1283	0.42
1284	0.16
1285	1.28
1286	-0.67
1287	0.42
1288	0.67
1289	0.17
1290	-0.31
1291	1.22
1292	1.27
1293	0.32
1294	0.69
1295	1.2
1296	1.08
1297	-0.82
1298	-0.47
1299	-0.95
1300	-0.62
1301	0.56
1302	0.59
1303	0.3
1304	0.62
1305	-0.73
1306	-0.16
1307	-0.82
1308	-0.92
1309	0.46
1310	0.83
1311	0.39
1312	-0.01
1313	0.19
1314	0.14
1315	-0.43
1316	-0.24
1317	-0.49
1318	0.07
1319	-0.74
1320	0.12
1321	0.06
1322	0.08
1323	-0.08
1324	0.17
1325	-0.69
1326	0.12
1327	0.12
1328	0.26
1329	0.21
1330	-0.14
1331	-0.48
1332	1.41
1333	-0.36
1334	-0.83
1335	0.01
1336	0.57
1337	0.48
1338	-0.6
1339	-0.09
1340	-0.87
1341	-0.7
1342	-0.99
1343	0.76
1344	2.44
1345	1.72
1346	0.3
1347	0.66
1348	-0.77
1349	0.27
1350	-0.01
1351	-0.18
1352	-0.43
1353	-0.31
1354	-0.34
1355	-0.43
1356	-0.27
1357	0.12
1358	-0.23
1359	-0.37
1360	-0.08
1361	0.04
1362	-0.2
1363	0.27
1364	0.05
1365	-0.39
1366	-0.32
1367	0.89
1368	-0.84
1369	1.44
1370	-0.97
1371	-0.77
1372	0.44
1373	1.81
1374	-1.26
1375	-0.4
1376	0.7
1377	-0.06
1378	1.09
1379	0.96
1380	3.52
1381	-0.31
1382	1.2
1383	-0.55
1384	0.74
1385	-0.48
1386	-0.45
1387	1.92
1388	1.01
1389	0.19
1390	0.74
1391	-0.02
1392	-0.38
1393	-1.58
1394	-0.34
1395	-0.28
1396	0.41
1397	-0.38
1398	-0.42
1399	-0.16
1400	-0.27
1401	0.08
1402	0.21
1403	0.13
1404	0.54
1405	-0.64
1406	-0.78
1407	-0.51
1408	-0.85
1409	-0.51
1410	0.28
1411	0.41
1412	0.49
1413	1.32
1414	0.86
1415	0.59
1416	2.28
1417	0.35
1418	0.16
1419	-0.23
1420	0.43
1421	-0.12
1422	0.08
1423	-0.59
1424	0.03
1425	0.52
1426	-0.06
1427	-0.02
1428	0.1
1429	0.08
1430	-0.04
1431	0.01
1432	1.87
1433	0.67
1434	1.04
1435	0.49
1436	0.17
1437	0.13
1438	0.65
1439	-0.01
1440	-0.01
1441	1.04
1442	-0.26
1443	-0.26
1444	0.62
1445	1.19
1446	0.45
1447	0.4
1448	1.68
1449	0.39
1450	0.46
1451	0.08
1452	0.16
1453	0
1454	0.07
1455	1.73
1456	-0.37
1457	-0.06
1458	0.92
1459	0.19
1460	0.02
1461	-0.07
1462	-0.21
1463	0.68
1464	0.62
1465	0.07
1466	0.08
1467	0.3
1468	0.54
1469	0.01
1470	0.37
1471	-0.16
1472	0.12
1473	1.33
1474	0.75
1475	0.01
1476	1.53
1477	-0.04
1478	-0.22
1479	-0.1
1480	0.71
1481	2.71
1482	2.54
1483	1.88
1484	1.49
1485	0.19
1486	-0.07
1487	-0.58
1488	-0.69
1489	0.34
1490	-0.08
1491	0.29
1492	0.31
1493	0.19
1494	0.09
1495	-0.13
1496	0.07
1497	0
1498	-0.4
1499	0.23
1500	0.55
1501	-0.12
1502	-0.06
1503	0.85
1504	0.02
1505	0.48
1506	0.57
1507	-0.21
1508	0.31
1509	0.62
1510	-0.08
1511	-0.39
1512	0.17
1513	0.77
1514	0.62
1515	0.69
1516	0.31
1517	0.69
1518	0.85
1519	0.5
1520	0.26
1521	0.23
1522	0.86
1523	-0.92
1524	-0.94
1525	0.33
1526	-0.12
1527	0.66
1528	0.31
1529	0.78
1530	0.69
1531	0.07
1532	-0.43
1533	-0.62
1534	0.36
1535	0.35
1536	0.35
1537	-0.26
1538	0.71
1539	-0.4
1540	-0.58
1541	0.93
1542	0.61
1543	-0.24
1544	0.47
1545	0.64
1546	1.34
1547	0.22
1548	0.52
1549	-0.3
1550	-0.18
1551	0.86
1552	-0.05
1553	-0.04
1554	0.11
1555	-0.28
1556	0.07
1557	0.28
1558	0.22
1559	0.51
1560	0.18
1561	0.29
1562	0.22
1563	0.1
1564	-0.41
1565	-0.09
1566	1.23
1567	1.34
1568	0.08
1569	0.92
1570	0.76
1571	1.11
1572	1.04
1573	0.71
1574	1.13
1575	-0.66
1576	-0.31
1577	1.2
1578	-1.2
1579	0.4
1580	1.6
1581	0.65
1582	0.98
1583	0.34
1584	-0.04
1585	0.6
1586	0.01
1587	0.73
1588	0.77
1589	0.51
1590	0.21
1591	-0.24
1592	-0.65
1593	0.62
1594	2.24
1595	1.54
1596	1.85
1597	0.75
1598	0.77
1599	0.58
1600	-0.01
1601	0.77
1602	0.53
1603	0.35
1604	-0.17
1605	0.81
1606	0.62
1607	0.36
1608	0.86
1609	1.51
1610	1.65
1611	3.36
1612	0.64
1613	3.2
1614	2
1615	0.8
1616	3.33
1617	2.83
1618	1.74
1619	1.86
1620	0.81
1621	0.39
1622	2.17
1623	1
1624	1.36
1625	0.29
1626	0.11
1627	0.21
1628	0.76
1629	0.79
1630	1.19
1631	1
1632	0.55
1633	1.11
1634	0.47
1635	0.22
1636	0.37
1637	0.43
1638	2.48
1639	0.25
1640	0.54
1641	0.84
1642	0.46
1643	-0.18
1644	0.57
1645	-0.05
1646	1.35
1647	0.58
1648	-0.49
1649	0.84
1650	0.15
1651	2.54
1652	0.64
1653	0.22
1654	-0.21
1655	0.67
1656	0.71
1657	0.75
1658	0.42
1659	-0.5
1660	0.68
1661	0.42
1662	1.25
1663	0.77
1664	0.58
1665	-0.1
1666	1.8
1667	0.75
1668	1.86
1669	1.42
1670	1.25
1671	-0.01
1672	-0.09
1673	-0.16
1674	-0.41
1675	-0.11
1676	0.06
1677	1.27
1678	0.01
1679	0.74
1680	0.98
1681	-0.01
1682	0.91
1683	0.18
1684	0.7
1685	1.28
1686	1.14
1687	0.31
1688	0.61
1689	1.06
1690	0.62
1691	0.36
1692	0.65
1693	0.37
1694	0.61
1695	-0.08
1696	1.23
1697	1.32
1698	-0.06
1699	-0.07
1700	1.85
1701	1.21
1702	0.95
1703	0.15
1704	0.99
1705	1.13
1706	0.49
1707	-0.08
1708	1.05
1709	-0.3
1710	1.09
1711	1.09
1712	1.04
1713	0.73
1714	0.13
1715	-0.18
1716	0.3
1717	-0.27
1718	-0.57
1719	1.5
1720	2.44
1721	1.15
1722	0.5
1723	0.54
1724	1.24
1725	0.51
1726	1
1727	1.06
1728	1.09
1729	0.34
1730	1.23
1731	0.99
1732	0.85
1733	0.22
1734	0.76
1735	2
1736	-0.66
1737	0.69
1738	2.66
1739	2.14
1740	0.42
1741	1.32
1742	1.54
1743	1.05
1744	0.4
1745	2.2
1746	0.43
1747	0.29
1748	0.49
1749	0.66
1750	1.04
1751	0.74
1752	1.08
1753	0.8
1754	1.25
1755	0.13
1756	0.39
1757	1.67
1758	0.68
1759	0.44
1760	-0.02
1761	0.59
1762	0.65
1763	0.99
1764	0.52
1765	-0.54
1766	-0.13
1767	2.76
1768	0.56
1769	1.29
1770	0.98
1771	0.72
1772	0.92
1773	1.33
1774	-0.23
1775	1.79
1776	0.48
1777	0.16
1778	-0.07
1779	1.3
1780	1.23
1781	1.58
1782	0.48
1783	1.36
1784	1.31
1785	1.69
1786	0.97
1787	-0.43
1788	1.37
1789	-0.38
1790	-0.64
1791	0.89
1792	0.9
1793	0.56
1794	0.41
1795	1.65
1796	2.4
1797	1.62
1798	1.45
1799	1.65
1800	1.38
1801	0.9
1802	1.97
1803	1.58
1804	1.94
1805	2.29
1806	0.1
1807	1.07
1808	1.14
1809	1.4
1810	1.42
1811	2.21
1812	0.82
1813	2.83
1814	2.04
1815	0.53
1816	0.92
1817	2.96
1818	2.31
1819	-0.1
1820	1.3
1821	1.57
1822	1.58
1823	3.05
1824	1.24
1825	1.05
1826	1.23
1827	1.09
1828	1.35
1829	1.12
1830	1.39
1831	1.66
1832	0.88
1833	0.14
1834	2.01
1835	1.36
1836	0.64
1837	1.89
1838	1.72
1839	0.39
1840	0.86
1841	0.69
1842	0.78
1843	0.66
1844	0.9
1845	1.42
1846	1.01
1847	0.98
1848	-1.5
1849	1.31
1850	1.43
1851	0.89
1852	-0.03
1853	1.25
1854	0.27
1855	0.49
1856	0.54
1857	0.86
1858	1.23
1859	0.16
1860	1.19
1861	1.56
1862	1.18
1863	0.92
1864	1.37
1865	1.48
1866	1.09
1867	1.2
1868	0.87
1869	1.64
1870	1.8
1871	2.3
1872	0.77
1873	2.04
1874	1.38
1875	0.68
1876	1.48
1877	1.01
1878	1.57
1879	1.01
1880	0.51
1881	0.7
1882	-0.09
1883	1.9
1884	2.08
1885	1.59
1886	1.72
1887	1.88
1888	1.42
1889	2.12
1890	1.66
1891	1.65
1892	3.04
1893	1.24
1894	1.39
1895	1.31
1896	1.4
1897	1.5
1898	1.55
1899	1.51
1900	1.04
1901	1.12
1902	0.87
1903	1.23
1904	1.02
1905	1.26
1906	0.98
1907	1.35
1908	3.09
1909	1.16
1910	1.11
1911	1.37
1912	1.37
1913	0.88
1914	0.96
1915	0.68
1916	1.41
1917	1.66
1918	0.82
1919	0.92
1920	1.31
1921	1.2
1922	0.5
1923	1.04
1924	0.88
1925	0.95
1926	1.53
1927	1.57
1928	1.54
1929	1.1
1930	1.42
1931	1.94
1932	2.03
1933	1.7
1934	2.33
1935	0.48
1936	2.08
1937	1.52
1938	2.37
1939	2.17
1940	2.24
1941	2.97
1942	2.9
1943	1.5
1944	1.34
1945	2.24
1946	3.05
1947	1.41
1948	1.4
1949	0.92
1950	1.07
1951	0.79
1952	1.45
1953	1.42
1954	1.55
1955	1.97
1956	0.65
1957	0.98
1958	0.71
1959	1.88
1960	1.64
1961	2.1
1962	2.11
1963	1.44
1964	2.38
1965	2.45
1966	1.35
1967	0.79
1968	0.08
1969	1.67
1970	1.71
1971	1.41
1972	1.51
1973	1.52
1974	0.75
1975	0.8
1976	1.04
1977	2.51
1978	1.79
1979	2.44
1980	-0.52
1981	1.65
1982	2.04
1983	1.44
1984	1.6
1985	2.63
1986	1.66
1987	2.08
1988	2.39
1989	1.48
1990	2.11
1991	0.77
1992	1.81
1993	0.36
1994	1.7